# id	left	top	right	bottom	texture_id
[SPRITES]
#ZEBRA_BLOCK
80002	462	534	477	549	50

#BLUE_BLOCK
80003	290	188	305	203	30

#EMPTY_BLOCK
81001	500	534	515	549	50

#QUESTION_BLOCK
82001	384	998	399	1013	50
82002	402	998	417	1013	50
82003	420	998	435	1013	50
82004	438	998	453	1013	50

#Golden block
83001	312	998	327	1013	50
83002	330	998	345	1013	50
83003	348	998	363	1013	50
83004	366	998	381	1013	50

# ani_id	sprite1_id	time1	sprite2_id	time2	...
[ANIMATIONS]

#EMPTY_BLOCK
81100	81001	1000

#QUESTION_BLOCK
81101	82001	100	82002	100	82003	100	82004	100

#Golden brick
81102	83001	100	83002	100	83003	100	83004	100