# id	left	top	right	bottom	texture_id
[SPRITES]
#BOOMERANG_WALK_LEFT
51001	77	216	94	241	10
51002	98	216	115	241	10

#BOOMERANG_WALK_RIGHT
52002	119	216	136	241	10
52001	140	216	157	241	10

#BOOMERANG_PREPARE_LEFT
53001	7	210	40	241	10
53002	41	210	74	241	10

#BOOMERANG_PREPARE_RIGHT
54002	160	210	193	241	10
54001	194	210	227	241	10

#BOOMERANG_DIE_LEFT
55001	257	216	274	241	10

#BOOMERANG_DIE_RIGHT
56001	231	216	248	241	10

# ani_id	sprite1_id	time1	sprite2_id	time2	...
[ANIMATIONS]
8001	51001	200	51002	200
8002	52001	200	52002	200
8003	53001	200	53002	200
8004	54001	200	54002	200
8005	55001	100
8006	56001	100