# id	left	top	right	bottom	texture_id
[SPRITES]
500000	140	89	165	114	30

500001	137	120	152	135	30
500002	154	120	169	135	30
500003	171	120	186	135	30

500010	139	553	154	568	80
500011	159	553	168	568	80
500012	179	553	182	568	80
500013	193	553	202	568	80

500020	70	553	85	568	80
500021	90	553	99	568	80
500022	110	553	113	568	80
500023	124	553	133	568	80

500030	1	553	16	568	80
500031	21	553	30	568	80
500032	41	553	44	568	80
500033	55	553	64	568	80

500101	94	129	117	156	60
500102	66	129	89	156	60
500103	38	129	61	156	60

# ani_id	sprite1_id	time1	sprite2_id	time2	...
[ANIMATIONS]
510000	500000	100
510001	500001	100	500002	100	500003	100
