# id	left	top	right	bottom	texture_id
[SPRITES]
#WALK
21001	4	13	22	30	10
21002	24	13	42	30	10

#PARA_NOWING
21201	183	14	199	30	10
21202	203	14	219	30	10

#PARA_WING
21101	242	6	262	30	10
21102	265	6	285	30	10

#DIE
22001	44	19	62	30	10

#PARA_DIE
22101	223	21	239	30	10

#DIE_UPSIDE_DOWN
23001	335	14	351	30	10

#PARA_DIE_UPSIDE_DOWN
23101	355	14	371	30	10

#PARA_FLY
24101	288	6	308	30	10
24102	312	6	332	30	10

# ani_id	sprite1_id	time1	sprite2_id	time2	...
[ANIMATIONS]
5000	21001	100	21002	100
5001	22001	100
5002	23001	100
5100	21201	100	21202	100
5101	22101	100
5102	23001	100
5103	21101	100	21102	100
5104	24101	50	21101	50	24102	50	21102	50
5105	24101	100	21101	100	24102	100	21102	100