# id	left	top	right	bottom	texture_id
[SPRITES]
#HUD_BACKGROUND
300001	4	68	269	121	60

#TIMER
301000	104	160	111	167	60
301001	272	79	277	86	60
301002	116	160	123	167	60
301003	128	160	135	167	60
301004	140	160	147	167	60
301005	152	160	159	167	60
301006	164	160	171	167	60
301007	176	160	183	167	60
301008	188	160	195	167	60
301009	200	160	207	167	60

#POWER
302000	42	160	49	167	60
302001	54	160	61	167	60
302010	65	160	80	167	60
302011	84	160	99	167	60

# ani_id	sprite1_id	time1	sprite2_id	time2	...
[ANIMATIONS]
302100	302010	100
302101	302010	100	302011	100