# id	left	top	right	bottom	texture_id
[SPRITES]
#WALK_LEFT
41001	6	165	23	192	10
41002	28	165	45	192	10

#RED_WALK_LEFT
41101	6	129	23	156	10
41102	28	129	45	156	10

#PARA_WALK_LEFT
41201	308	165	325	194	10
41202	350	165	367	194	10
41203	329	165	346	194	10
41204	372	165	389	194	10

#RED_PARA_WALK_LEFT
41301	308	128	325	157	10
41302	350	128	367	157	10
41303	329	128	346	157	10
41304	372	128	389	157	10

#WALK_RIGHT
42001	72	165	89	192	10
42002	50	165	67	192	10

#RED_WALK_RIGHT
42101	72	129	89	156	10
42102	50	129	67	156	10

#PARA_WALK_RIGHT
42201	459	165	476	194	10
42202	417	165	434	194	10
42203	438	165	455	194	10
42204	395	165	412	194	10

#RED_PARA_WALK_RIGHT
42301	459	128	476	157	10
42302	417	128	434	157	10
42303	438	128	455	157	10
42304	395	128	412	157	10

#DEFEND
43001	94	177	111	192	10
43002	138	177	155	192	10
43003	158	177	175	192	10
43004	179	177	196	192	10

#RED_DEFEND
43101	94	140	111	155	10
43102	138	140	155	155	10
43103	158	140	175	155	10
43104	179	140	196	155	10

#RECOVER
44001	115	177	134	192	10

#RED_RECOVER
44101	115	140	134	155	10

#DEFEND_UD
45001	201	177	218	192	10
45002	245	177	262	192	10
45003	265	177	282	192	10
45004	286	177	303	192	10

#RED_DEFEND_UD
45101	201	140	218	155	10
45102	245	140	262	155	10
45103	265	140	282	155	10
45104	286	140	303	155	10

#RECOVER_UD
46001	222	177	241	192	10

#RED_RECOVER_UD
46101	222	140	241	155	10

# ani_id	sprite1_id	time1	sprite2_id	time2	...
[ANIMATIONS]
6000	41001	100	41002	100
6001	42001	100	42002	100
6002	43001	100
6003	43001	100	43002	100	43003	100	43004	100
6004	43001	1000	44001	1000
6005	45001	100
6006	45001	100	45002	100	45003	100	45004	100
6007	45001	1000	46001	1000
6100	41101	100	41102	100
6101	42101	100	42102	100
6102	43101	100
6103	43101	100	43102	100	43103	100	43104	100
6104	43101	1000	44101	1000
6105	45101	100
6106	45101	100	45102	100	45103	100	45104	100
6107	45101	1000	46101	1000
6200	41201	100	41202	100	41203	100	41204	100
6201	42201	100	42202	100	42203	100	42204	100
6300	41301	50	41302	50	41303	50	41304	50
6301	42301	50	42302	50	42303	50	42304	50