# list of object assets to load in this scene
[ASSETS]
mario.txt
goomba.txt
koopa.txt
coin.txt
cloud.txt
brick.txt
plain.txt
plant.txt
tunnel.txt

#
[OBJECTS]
# type	x	y	extra_settings per object type
# type: 0 = Mario , 10 = Coin, 2 = Goomba, 3 = Paragoomba
# See OBJECT_TYPE constants in AssetIDs.h

#Limit
1	2816	432

#Portal 
50	900	393	916	424	5

#Platform
33	0	0	16	16	36	-1	-1	-1

# Semi solid 1 (blue, pink)
36	341	345	15	16	5	93501	93502	93502
30	296	345	15	16	3	93401	93402	93403
35	296	361	15	16	3	93404	93405	93406
35	296	377	15	16	3	93404	93405	93406
35	296	393	15	16	3	93404	93405	93406
35	296	409	15	16	3	93407	93408	93409

36	308	377	15	16	3	93501	93502	93502
30	264	377	15	16	3	93301	93302	93303
35	264	393	15	16	3	93304	93305	93306
35	264	409	15	16	3	93307	93308	93309

# Semi solid 2 (white, pink, green, green)
36	580	314	15	16	5	93501	93502	93502
30	521	314	15	16	4	93101	93102	93103
35	521	330	15	16	4	93104	93105	93106
35	521	346	15	16	4	93104	93105	93106
35	521	362	15	16	4	93104	93105	93106
35	521	378	15	16	4	93104	93105	93106

36	535	345	15	16	5	93501	93502	93502
30	476	345	15	16	4	93301	93302	93303
35	476	361	15	16	4	93304	93305	93306
35	476	377	15	16	4	93304	93305	93306
35	476	393	15	16	4	93304	93305	93306
35	476	409	15	16	4	93307	93308	93309

36	490	377	15	16	3	93501	93502	93502
30	416	377	15	16	5	93201	93202	93203
35	416	393	15	16	5	93204	93205	93206
35	416	409	15	16	5	93207	93208	93209

36	551	393	15	16	2	93501	93502	93502
30	521	393	15	16	6	93201	93202	93203
35	521	409	15	16	6	93207	93208	93209

# Platform
32	8	424	16	16	39	92101	92102	92103
32	632	408	16	16	29	92101	92102	92103
32	632	424	16	16	29	92104	92105	92106

# VENUS FIRE TRAP
34	376	377	32	16	3	91100	91200	91200	9

# GOOMBA
2	248	377
2	535	400
2	840	384
2	888	384
3	952	384

# KOOPA
5	580	370

# MARIO
0	16	310

# COIN


