# list of object assets to load in this scene
[ASSETS]
mario.txt
block.txt
coin.txt
tunnel.txt
background1_1.txt
hud.txt
effect.txt
card.txt

[BACKGROUND]
100	120	9	18	11	200000
0	24	24	24	24	24	24	24	24	24	24	24	24	24	24	24	24	24	24
1	24	24	24	24	24	24	24	24	24	24	24	24	24	24	24	24	24	24
2	24	24	24	24	24	24	24	24	24	24	24	24	24	24	24	24	24	24
3	24	24	24	24	24	24	24	24	24	24	24	24	24	24	24	24	24	24
4	24	24	24	24	24	24	24	24	24	24	24	24	24	24	24	24	24	24
5	24	24	24	24	24	24	24	24	24	24	24	24	24	24	24	24	24	24
6	24	24	24	24	24	24	24	24	24	24	24	24	24	24	24	24	24	24
7	24	24	24	24	24	24	24	24	24	24	24	24	24	24	24	24	24	24
8	24	24	24	24	24	24	24	24	24	24	24	24	24	24	24	24	24	24
9	24	24	24	24	24	24	24	24	24	24	24	24	24	24	24	24	24	24
10	24	24	24	24	24	24	24	24	24	24	24	24	24	24	24	24	24	24
#
[OBJECTS]
# type	x	y	extra_settings per object type
# type: 0 = Mario , 1 = Brick, 2 = Goomba, 3 = Koopas
# See OBJECT_TYPE constants in AssetIDs.h

# Limit
1	450	0

# MARIO
0	136	10

#Portal 
50	346	0	378	8	3	136	10

# COIN
20	203	45
20	203	105
20	218	30
20	218	75
20	218	120
20	233	30
20	233	75
20	233	120
20	248	45
20	248	60
20	248	90
20	248	105

# Platform
36	8	8	16	15	12	80003	80003	80003
36	23	8	16	15	12	80003	80003	80003
36	38	8	16	15	12	80003	80003	80003
36	53	8	16	15	12	80003	80003	80003
36	68	8	16	15	12	80003	80003	80003
36	83	8	16	15	12	80003	80003	80003
36	98	8	16	15	12	80003	80003	80003
33	113	8	16	15	12	80003	80003	80003

32	128	8	15	16	24	80003	80003	80003
32	128	158	15	16	24	80003	80003	80003
35	128	173	15	16	24	80003	80003	80003

32	248	143	15	16	16	80003	80003	80003
32	263	128	15	16	15	80003	80003	80003
32	278	113	15	16	14	80003	80003	80003
32	293	98	15	16	13	80003	80003	80003
32	308	83	15	16	12	80003	80003	80003
32	323	68	15	16	11	80003	80003	80003
32	368	53	15	16	8	80003	80003	80003
32	368	38	15	16	8	80003	80003	80003
32	368	23	15	16	8	80003	80003	80003

# Tunnel
31	136	8	32	16	2	91102	91102	91103	0	-1
31	346	8	32	16	2	91102	91102	91103	1	-1